1.0 0.10522240918215278 0.19869422511776633 0.12045304180936098 0.22294671318956225 -0.011315495892202246 -0.000611310300626961 0.08956500697761616 0.07113384597066169 0.5038972111732785 -0.20555590306954166 -0.2269621615079452
0.10522240918215278 1.0 0.6607711519931556 0.4349443745620319 0.709690030654085 0.372324451813242 -3.647012423222751e-05 0.8996048297456158 0.8631981435576306 0.7422520651743703 0.17648242358938887 0.2130209340352275
0.19869422511776633 0.6607711519931556 1.0 0.299984716078454 0.906290945727341 0.2817101154597345 0.033648852893015384 0.7662441487100705 0.7603397396072121 0.785276895058619 0.21471985541097635 0.2696327776204207
0.12045304180936098 0.4349443745620319 0.299984716078454 1.0 0.5579387801862524 0.181752620388678 0.042086838476555 0.501418705440215 0.4959804760887065 0.512938539066094 0.0043164761942158375 0.029503307840018634
0.22294671318956225 0.709690030654085 0.906290945727341 0.5579387801862524 1.0 0.3144136902197365 0.021172790225284913 0.8260412876042161 0.8237064990376494 0.8276658700973881 0.2479797952128044 0.29190393188505975
-0.011315495892202246 0.372324451813242 0.2817101154597345 0.181752620388678 0.3144136902197365 1.0 0.001536529899670159 0.3638706137779449 0.5458362085512452 0.3636791487216721 0.06459725834458596 0.06453814183237365
-0.000611310300626961 -3.647012423222751e-05 0.033648852893015384 0.042086838476555 0.021172790225284913 0.001536529899670159 1.0 0.02939951862328329 0.027047747691776414 0.018456121489028848 0.0018037612269971694 0.001980907744804234
0.08956500697761616 0.8996048297456158 0.7662441487100705 0.501418705440215 0.8260412876042161 0.3638706137779449 0.02939951862328329 1.0 0.9674463142920436 0.7347558291429446 0.34715064726155315 0.30658166705856205
0.07113384597066169 0.8631981435576306 0.7603397396072121 0.4959804760887065 0.8237064990376494 0.5458362085512452 0.027047747691776414 0.9674463142920436 1.0 0.7397329926373649 0.33121880491236433 0.2961379776681029
0.5038972111732785 0.7422520651743703 0.785276895058619 0.512938539066094 0.8276658700973881 0.3636791487216721 0.018456121489028848 0.7347558291429446 0.7397329926373649 1.0 0.0026936499656596935 0.024264938762500278
-0.20555590306954166 0.17648242358938887 0.21471985541097635 0.0043164761942158375 0.2479797952128044 0.06459725834458596 0.0018037612269971694 0.34715064726155315 0.33121880491236433 0.0026936499656596935 1.0 0.9055624753793884
-0.2269621615079452 0.2130209340352275 0.2696327776204207 0.029503307840018634 0.29190393188505975 0.06453814183237365 0.001980907744804234 0.30658166705856205 0.2961379776681029 0.024264938762500278 0.9055624753793884 1.0
