1.0 0.21405556796080655 0.1456412682939689 0.05803465369557645 0.1557882309445814 0.04551804108022883 0.026127648362060992 0.12081185095500481 0.11271850620533888 0.45460182998047516 -0.17016184579264876 -0.21152899804678843
0.21405556796080655 1.0 0.44423575027772255 0.08928336226110639 0.5153270400625318 0.4910638415939156 0.040336532933826476 0.644888925415308 0.7036526960458944 0.8127845502454033 -0.012351895163212258 0.05103788370302019
0.1456412682939689 0.44423575027772255 1.0 0.005609716373083136 0.8513790826150796 0.05306372282155101 0.11166982439546205 0.4758696077059575 0.40054942278443667 0.6300078836606104 0.08975500588369456 0.27022702015540995
0.05803465369557645 0.08928336226110639 0.005609716373083136 1.0 0.10138044109149241 0.029258747516635444 0.1229255604995806 0.09195025122060288 0.08417703449195876 0.20365592724337517 -0.17693077003013255 -0.14585155903265082
0.1557882309445814 0.5153270400625318 0.8513790826150796 0.10138044109149241 1.0 0.07367760031835655 0.06834566714016072 0.5684035209023692 0.4822881010612914 0.6195555312758081 0.14122024508370376 0.28136459423437626
0.04551804108022883 0.4910638415939156 0.05306372282155101 0.029258747516635444 0.07367760031835655 1.0 0.010261265696367074 0.271600949971212 0.6514078155474327 0.4509978177145519 -0.08274291460946437 -0.12475048267644996
0.026127648362060992 0.040336532933826476 0.11166982439546205 0.1229255604995806 0.06834566714016072 0.010261265696367074 1.0 0.12720492620510404 0.10556379452838721 0.08806524570264837 0.020447982113660165 0.008987354683208491
0.12081185095500481 0.644888925415308 0.4758696077059575 0.09195025122060288 0.5684035209023692 0.271600949971212 0.12720492620510404 1.0 0.8905582969999526 0.5546349478378773 0.4127891939092868 0.14109028665720955
0.11271850620533888 0.7036526960458944 0.40054942278443667 0.08417703449195876 0.4822881010612914 0.6514078155474327 0.10556379452838721 0.8905582969999526 1.0 0.6284873532463534 0.28094756633148116 0.05041120540625326
0.45460182998047516 0.8127845502454033 0.6300078836606104 0.20365592724337517 0.6195555312758081 0.4509978177145519 0.08806524570264837 0.5546349478378773 0.6284873532463534 1.0 -0.12293012586774445 -0.060166735719047876
-0.17016184579264876 -0.012351895163212258 0.08975500588369456 -0.17693077003013255 0.14122024508370376 -0.08274291460946437 0.020447982113660165 0.4127891939092868 0.28094756633148116 -0.12293012586774445 1.0 0.7214210234754721
-0.21152899804678843 0.05103788370302019 0.27022702015540995 -0.14585155903265082 0.28136459423437626 -0.12475048267644996 0.008987354683208491 0.14109028665720955 0.05041120540625326 -0.060166735719047876 0.7214210234754721 1.0
