1.0 0.14607827303301404 0.13830214672980568 0.055366902909856255 0.16314263961269823 0.07618031138310384 -0.00586354400364859 0.0979397722036836 0.11259315946160552 0.5326126309791416 -0.12778723813570367 -0.18740794133693797
0.14607827303301404 1.0 0.5261967728582494 0.19234362965312451 0.6213251528698639 0.2922274525587254 0.0032670445303323793 0.5641772333238224 0.5746821260736196 0.6764274415806816 0.07721038538280732 0.20415631484386515
0.13830214672980568 0.5261967728582494 1.0 0.10405713484411822 0.812730062083696 0.14539407081141656 0.0534000621575325 0.358762322769685 0.3569101246616097 0.638377268315445 0.0782095522286326 0.2691380869179332
0.055366902909856255 0.19234362965312451 0.10405713484411822 1.0 0.22870256440425166 0.061922876866014505 0.07546402968266089 0.1601747130015868 0.1583835365611706 0.3075431746336134 -0.10398364763369795 -0.08966856488453102
0.16314263961269823 0.6213251528698639 0.812730062083696 0.22870256440425166 1.0 0.17698575181106008 0.026312631287809495 0.404446492390902 0.4073180570526618 0.6610740263842728 0.09845939082621136 0.31649709581403446
0.07618031138310384 0.2922274525587254 0.14539407081141656 0.061922876866014505 0.17698575181106008 1.0 0.004275081623571445 0.20327480881180257 0.5672073500711551 0.3285796124928865 0.01782014785561299 0.01492763501191901
-0.00586354400364859 0.0032670445303323793 0.0534000621575325 0.07546402968266089 0.026312631287809495 0.004275081623571445 1.0 0.03756431255447538 0.03265415430409932 0.025639286705695048 0.0016709187755931723 0.0012039352234045004
0.0979397722036836 0.5641772333238224 0.358762322769685 0.1601747130015868 0.404446492390902 0.20327480881180257 0.03756431255447538 1.0 0.9080816188703933 0.4255922682748498 0.5438639556234386 0.11283098429787405
0.11259315946160552 0.5746821260736196 0.3569101246616097 0.1583835365611706 0.4073180570526618 0.5672073500711551 0.03265415430409932 0.9080816188703933 1.0 0.4846489027062698 0.4604134175827707 0.09927706358865827
0.5326126309791416 0.6764274415806816 0.638377268315445 0.3075431746336134 0.6610740263842728 0.3285796124928865 0.025639286705695048 0.4255922682748498 0.4846489027062698 1.0 -0.06096307880026018 -0.00011337508943014789
-0.12778723813570367 0.07721038538280732 0.0782095522286326 -0.10398364763369795 0.09845939082621136 0.01782014785561299 0.0016709187755931723 0.5438639556234386 0.4604134175827707 -0.06096307880026018 1.0 0.6133553141336531
-0.18740794133693797 0.20415631484386515 0.2691380869179332 -0.08966856488453102 0.31649709581403446 0.01492763501191901 0.0012039352234045004 0.11283098429787405 0.09927706358865827 -0.00011337508943014789 0.6133553141336531 1.0