1.0 0.1831479410048845 0.21020258326250288 0.1104441916143392 0.2509612534674712 0.06635322480563961 -0.0017065575675442022 0.15374500241997835 0.1588702876274766 0.3886310929418241 -0.03187314180201052 -0.04703564252841468
0.1831479410048845 1.0 0.6443992577112935 0.2589908943485522 0.7663947858420813 0.2290939630866934 -0.0021174914338244356 0.6715040662212556 0.6604180812190746 0.8156351435193673 0.06101871320822623 0.2237944136598677
0.21020258326250288 0.6443992577112935 1.0 0.08923045575208464 0.8121559519427062 0.11681373070996817 0.05019513679492603 0.5054979046298785 0.4909926019027495 0.7837804088223925 0.1186852089694579 0.3348079574856229
0.1104441916143392 0.2589908943485522 0.08923045575208464 1.0 0.29450906739250804 0.056685267395335436 0.05968322376900196 0.21313391792286662 0.21009954379063597 0.3932664491744709 -0.22051908080294788 -0.24573279992728647
0.2509612534674712 0.7663947858420813 0.8121559519427062 0.29450906739250804 1.0 0.1406652393725321 0.028839426200818044 0.5889931783076404 0.5741904858207059 0.8380989226308743 0.10396338861138132 0.3162533311278177
0.06635322480563961 0.2290939630866934 0.11681373070996817 0.056685267395335436 0.1406652393725321 1.0 0.006796285599221518 0.16909855912091162 0.4533190241868111 0.26684789848867635 -0.0026045093117395535 -0.01968136649760378
-0.0017065575675442022 -0.0021174914338244356 0.05019513679492603 0.05968322376900196 0.028839426200818044 0.006796285599221518 1.0 0.044566943178444104 0.04233051975822229 0.02974982078750877 0.014679206393474935 0.009092710843971044
0.15374500241997835 0.6715040662212556 0.5054979046298785 0.21313391792286662 0.5889931783076404 0.16909855912091162 0.044566943178444104 1.0 0.9453638818474672 0.6005354488253948 0.5187835420497376 0.16076041980047315
0.1588702876274766 0.6604180812190746 0.4909926019027495 0.21009954379063597 0.5741904858207059 0.4533190241868111 0.04233051975822229 0.9453638818474672 1.0 0.6182442051835034 0.4694874557527732 0.1414343621465541
0.3886310929418241 0.8156351435193673 0.7837804088223925 0.3932664491744709 0.8380989226308743 0.26684789848867635 0.02974982078750877 0.6005354488253948 0.6182442051835034 1.0 0.010500433104491629 0.14727017706002013
-0.03187314180201052 0.06101871320822623 0.1186852089694579 -0.22051908080294788 0.10396338861138132 -0.0026045093117395535 0.014679206393474935 0.5187835420497376 0.4694874557527732 0.010500433104491629 1.0 0.5942652425436403
-0.04703564252841468 0.2237944136598677 0.3348079574856229 -0.24573279992728647 0.3162533311278177 -0.01968136649760378 0.009092710843971044 0.16076041980047315 0.1414343621465541 0.14727017706002013 0.5942652425436403 1.0
