1.0 0.13742323305072981 0.20980801784507852 0.14339765446220687 0.22459618573687465 0.06835068285239651 0.0009404912275796229 0.16474805465126824 0.16802494221955863 0.5094620723020832 -0.08026220173109533 -0.19191851785366668
0.13742323305072981 1.0 0.6640619164598272 0.4373409977803843 0.7119585241388662 0.33206330179433396 0.005808167616875886 0.6919591121256186 0.6856969882814917 0.7623718188502978 0.08303568994203064 0.24177023940488646
0.20980801784507852 0.6640619164598272 1.0 0.3234740311343742 0.9104985227552193 0.21743225921287201 0.03525645665682124 0.5723087688708145 0.5699514670297573 0.7975830735934879 0.10722902728246649 0.29487757410819454
0.14339765446220687 0.4373409977803843 0.3234740311343742 1.0 0.5696320362097443 0.14796702134878012 0.044715515285815445 0.38091393533812984 0.38019086417315284 0.53348776959119 -0.02561559160239279 0.045113817088612236
0.22459618573687465 0.7119585241388662 0.9104985227552193 0.5696320362097443 1.0 0.23699102878763675 0.024187758461120205 0.6062011131255488 0.6056869584468424 0.8340084209512435 0.11351000748396887 0.3239376174580255
0.06835068285239651 0.33206330179433396 0.21743225921287201 0.14796702134878012 0.23699102878763675 1.0 0.0042678269718980436 0.25237115962486595 0.46553246623183747 0.3521954711359568 0.014793151622169135 0.025567666858042844
0.0009404912275796229 0.005808167616875886 0.03525645665682124 0.044715515285815445 0.024187758461120205 0.0042678269718980436 1.0 0.02657023983349728 0.024831852343853825 0.02234320760798922 0.0005688566412891869 0.0029896109808853046
0.16474805465126824 0.6919591121256186 0.5723087688708145 0.38091393533812984 0.6062011131255488 0.25237115962486595 0.02657023983349728 1.0 0.9596789691035225 0.6284306703617445 0.5284476933942012 0.16046117676143068
0.16802494221955863 0.6856969882814917 0.5699514670297573 0.38019086417315284 0.6056869584468424 0.46553246623183747 0.024831852343853825 0.9596789691035225 1.0 0.6525359310621667 0.4864087613774307 0.15149942580235723
0.5094620723020832 0.7623718188502978 0.7975830735934879 0.53348776959119 0.8340084209512435 0.3521954711359568 0.02234320760798922 0.6284306703617445 0.6525359310621667 1.0 0.027171374770132154 0.09916963137195522
-0.08026220173109533 0.08303568994203064 0.10722902728246649 -0.02561559160239279 0.11351000748396887 0.014793151622169135 0.0005688566412891869 0.5284476933942012 0.4864087613774307 0.027171374770132154 1.0 0.5333043092572604
-0.19191851785366668 0.24177023940488646 0.29487757410819454 0.045113817088612236 0.3239376174580255 0.025567666858042844 0.0029896109808853046 0.16046117676143068 0.15149942580235723 0.09916963137195522 0.5333043092572604 1.0
